2 1 425 149 599 708 -1 -1 -1 -1 
2 2 298 199 444 718 -1 -1 -1 -1 
2 3 587 124 865 716 -1 -1 -1 -1 
2 4 873 230 1041 703 -1 -1 -1 -1 
2 5 891 0 1062 313 -1 -1 -1 -1 
3 1 426 149 602 716 -1 -1 -1 -1 
3 2 301 198 446 717 -1 -1 -1 -1 
3 3 611 126 887 716 -1 -1 -1 -1 
3 4 878 227 1048 705 -1 -1 -1 -1 
3 5 886 1 1059 316 -1 -1 -1 -1 
4 1 424 148 601 718 -1 -1 -1 -1 
4 2 304 195 449 715 -1 -1 -1 -1 
4 3 632 126 908 715 -1 -1 -1 -1 
4 4 880 224 1053 707 -1 -1 -1 -1 
4 5 888 1 1057 311 -1 -1 -1 -1 
5 1 423 147 601 718 -1 -1 -1 -1 
5 2 305 193 450 714 -1 -1 -1 -1 
5 3 639 125 915 714 -1 -1 -1 -1 
5 4 881 223 1056 707 -1 -1 -1 -1 
5 5 889 2 1055 306 -1 -1 -1 -1 
5 7 564 211 684 696 -1 -1 -1 -1 
6 1 421 147 599 717 -1 -1 -1 -1 
6 2 304 194 449 714 -1 -1 -1 -1 
6 3 657 124 931 714 -1 -1 -1 -1 
6 4 881 223 1057 708 -1 -1 -1 -1 
6 5 888 2 1053 306 -1 -1 -1 -1 
6 7 565 204 687 698 -1 -1 -1 -1 
7 1 419 146 597 716 -1 -1 -1 -1 
7 2 302 195 447 715 -1 -1 -1 -1 
7 3 675 123 949 715 -1 -1 -1 -1 
7 4 878 221 1056 708 -1 -1 -1 -1 
7 5 887 2 1048 298 -1 -1 -1 -1 
7 7 564 202 686 698 -1 -1 -1 -1 
8 1 417 145 595 716 -1 -1 -1 -1 
8 2 299 196 444 715 -1 -1 -1 -1 
8 3 711 119 992 715 -1 -1 -1 -1 
8 4 881 220 1059 709 -1 -1 -1 -1 
8 5 886 2 1045 296 -1 -1 -1 -1 
8 7 560 205 683 696 -1 -1 -1 -1 
9 1 415 147 592 715 -1 -1 -1 -1 
9 2 299 194 445 715 -1 -1 -1 -1 
9 3 742 114 1035 714 -1 -1 -1 -1 
9 7 555 206 679 695 -1 -1 -1 -1 
10 1 412 148 588 714 -1 -1 -1 -1 
10 2 297 194 444 716 -1 -1 -1 -1 
10 3 754 107 1060 712 -1 -1 -1 -1 
10 7 551 207 676 695 -1 -1 -1 -1 
11 1 410 148 584 713 -1 -1 -1 -1 
11 2 297 193 444 716 -1 -1 -1 -1 
11 3 757 104 1074 713 -1 -1 -1 -1 
11 7 547 208 672 695 -1 -1 -1 -1 
12 1 411 149 584 712 -1 -1 -1 -1 
12 2 298 193 446 716 -1 -1 -1 -1 
12 3 756 101 1082 713 -1 -1 -1 -1 
12 7 545 208 671 694 -1 -1 -1 -1 
13 1 408 150 580 712 -1 -1 -1 -1 
13 2 296 193 444 716 -1 -1 -1 -1 
13 3 753 96 1088 712 -1 -1 -1 -1 
13 7 539 210 666 691 -1 -1 -1 -1 
14 1 403 148 576 715 -1 -1 -1 -1 
14 2 291 190 440 716 -1 -1 -1 -1 
14 3 745 91 1088 711 -1 -1 -1 -1 
14 7 534 211 662 690 -1 -1 -1 -1 
15 1 394 146 567 718 -1 -1 -1 -1 
15 2 284 188 434 716 -1 -1 -1 -1 
15 3 740 88 1091 713 -1 -1 -1 -1 
15 7 526 211 656 691 -1 -1 -1 -1 
16 1 381 146 555 717 -1 -1 -1 -1 
16 2 270 187 422 716 -1 -1 -1 -1 
16 3 723 78 1083 713 -1 -1 -1 -1 
16 7 515 208 648 695 -1 -1 -1 -1 
17 1 373 145 545 714 -1 -1 -1 -1 
17 2 264 188 416 717 -1 -1 -1 -1 
17 3 724 88 1083 710 -1 -1 -1 -1 
17 7 504 206 638 696 -1 -1 -1 -1 
18 1 362 147 536 716 -1 -1 -1 -1 
18 2 253 189 405 717 -1 -1 -1 -1 
18 3 690 70 1061 714 -1 -1 -1 -1 
18 7 498 209 633 698 -1 -1 -1 -1 
19 1 347 150 521 718 -1 -1 -1 -1 
19 2 239 195 390 716 -1 -1 -1 -1 
19 3 682 69 1053 713 -1 -1 -1 -1 
19 7 485 213 621 703 -1 -1 -1 -1 
20 1 334 153 508 718 -1 -1 -1 -1 
20 2 221 195 373 715 -1 -1 -1 -1 
20 3 691 85 1057 714 -1 -1 -1 -1 
20 7 469 218 604 704 -1 -1 -1 -1 
21 1 319 158 494 717 -1 -1 -1 -1 
21 2 206 196 360 713 -1 -1 -1 -1 
21 3 697 105 1056 714 -1 -1 -1 -1 
21 7 455 218 591 704 -1 -1 -1 -1 
22 1 308 159 483 714 -1 -1 -1 -1 
22 2 194 198 349 715 -1 -1 -1 -1 
22 3 700 110 1060 714 -1 -1 -1 -1 
22 7 441 221 577 704 -1 -1 -1 -1 
23 1 297 158 473 714 -1 -1 -1 -1 
23 2 187 204 341 715 -1 -1 -1 -1 
23 3 700 110 1062 714 -1 -1 -1 -1 
23 7 430 222 566 706 -1 -1 -1 -1 
24 1 288 158 463 708 -1 -1 -1 -1 
24 2 177 201 334 716 -1 -1 -1 -1 
24 3 697 106 1064 714 -1 -1 -1 -1 
24 7 424 222 560 707 -1 -1 -1 -1 
25 1 276 158 454 707 -1 -1 -1 -1 
25 2 164 202 322 717 -1 -1 -1 -1 
25 3 696 99 1066 714 -1 -1 -1 -1 
25 7 410 223 547 707 -1 -1 -1 -1 
26 1 260 159 440 712 -1 -1 -1 -1 
26 2 156 205 311 716 -1 -1 -1 -1 
26 3 695 94 1065 714 -1 -1 -1 -1 
26 4 605 203 786 716 -1 -1 -1 -1 
26 7 398 224 534 707 -1 -1 -1 -1 
27 1 245 159 424 713 -1 -1 -1 -1 
27 2 150 205 302 712 -1 -1 -1 -1 
27 3 698 92 1062 712 -1 -1 -1 -1 
27 4 592 205 769 714 -1 -1 -1 -1 
27 7 381 223 519 709 -1 -1 -1 -1 
28 1 215 159 398 715 -1 -1 -1 -1 
28 2 142 206 294 712 -1 -1 -1 -1 
28 3 696 91 1055 711 -1 -1 -1 -1 
28 4 583 204 757 714 -1 -1 -1 -1 
28 7 367 224 505 710 -1 -1 -1 -1 
29 1 212 161 393 716 -1 -1 -1 -1 
29 2 139 202 287 711 -1 -1 -1 -1 
29 3 696 90 1049 710 -1 -1 -1 -1 
29 4 578 204 750 716 -1 -1 -1 -1 
29 7 358 225 496 710 -1 -1 -1 -1 
30 1 201 161 382 716 -1 -1 -1 -1 
30 2 131 202 279 710 -1 -1 -1 -1 
30 3 695 91 1042 710 -1 -1 -1 -1 
30 4 574 205 745 715 -1 -1 -1 -1 
30 7 351 226 490 709 -1 -1 -1 -1 
31 1 187 161 369 716 -1 -1 -1 -1 
31 3 690 92 1030 712 -1 -1 -1 -1 
31 4 566 206 736 717 -1 -1 -1 -1 
31 7 339 227 477 710 -1 -1 -1 -1 
32 1 176 160 357 715 -1 -1 -1 -1 
32 3 686 92 1021 712 -1 -1 -1 -1 
32 4 557 207 727 717 -1 -1 -1 -1 
32 7 328 229 466 710 -1 -1 -1 -1 
33 1 164 165 341 713 -1 -1 -1 -1 
33 3 681 91 1012 713 -1 -1 -1 -1 
33 4 551 207 721 717 -1 -1 -1 -1 
33 7 317 232 455 711 -1 -1 -1 -1 
34 1 156 166 331 714 -1 -1 -1 -1 
34 3 679 90 1005 713 -1 -1 -1 -1 
34 4 546 206 716 716 -1 -1 -1 -1 
34 7 307 234 444 710 -1 -1 -1 -1 
35 1 153 171 324 714 -1 -1 -1 -1 
35 3 679 88 1002 712 -1 -1 -1 -1 
35 4 545 206 714 716 -1 -1 -1 -1 
35 7 301 234 437 708 -1 -1 -1 -1 
36 1 154 172 323 714 -1 -1 -1 -1 
36 3 680 87 1000 712 -1 -1 -1 -1 
36 4 546 206 716 716 -1 -1 -1 -1 
36 7 302 234 438 708 -1 -1 -1 -1 
37 1 158 171 327 715 -1 -1 -1 -1 
37 3 686 86 1003 712 -1 -1 -1 -1 
37 4 551 207 720 716 -1 -1 -1 -1 
37 5 640 2 794 292 -1 -1 -1 -1 
37 7 305 235 441 708 -1 -1 -1 -1 
38 1 166 169 333 710 -1 -1 -1 -1 
38 3 687 84 1000 712 -1 -1 -1 -1 
38 4 560 205 729 716 -1 -1 -1 -1 
38 5 631 1 786 292 -1 -1 -1 -1 
38 7 316 234 453 706 -1 -1 -1 -1 
39 1 175 167 342 713 -1 -1 -1 -1 
39 3 699 84 1008 711 -1 -1 -1 -1 
39 4 573 204 741 716 -1 -1 -1 -1 
39 7 328 234 464 704 -1 -1 -1 -1 
40 1 188 163 355 709 -1 -1 -1 -1 
40 3 708 83 1013 711 -1 -1 -1 -1 
40 4 586 204 754 715 -1 -1 -1 -1 
40 5 659 1 807 281 -1 -1 -1 -1 
40 7 342 235 478 704 -1 -1 -1 -1 
41 1 198 161 364 713 -1 -1 -1 -1 
41 2 133 191 273 706 -1 -1 -1 -1 
41 3 722 83 1027 711 -1 -1 -1 -1 
41 4 593 203 760 715 -1 -1 -1 -1 
41 5 668 1 816 286 -1 -1 -1 -1 
41 7 348 235 485 705 -1 -1 -1 -1 
42 1 204 156 368 704 -1 -1 -1 -1 
42 2 130 190 270 706 -1 -1 -1 -1 
42 3 713 82 1013 711 -1 -1 -1 -1 
42 4 606 201 772 715 -1 -1 -1 -1 
42 5 666 1 813 285 -1 -1 -1 -1 
42 7 358 230 496 702 -1 -1 -1 -1 
43 1 204 156 368 703 -1 -1 -1 -1 
43 3 722 77 1023 711 -1 -1 -1 -1 
43 4 622 196 786 711 -1 -1 -1 -1 
43 7 377 219 517 694 -1 -1 -1 -1 
44 1 244 152 410 710 -1 -1 -1 -1 
44 2 153 179 296 715 -1 -1 -1 -1 
44 3 747 70 1050 712 -1 -1 -1 -1 
44 4 643 190 804 704 -1 -1 -1 -1 
44 7 400 216 539 688 -1 -1 -1 -1 
45 1 263 153 427 712 -1 -1 -1 -1 
45 2 167 178 313 717 -1 -1 -1 -1 
45 3 762 70 1064 711 -1 -1 -1 -1 
45 4 657 188 818 703 -1 -1 -1 -1 
45 7 419 216 557 684 -1 -1 -1 -1 
46 1 276 153 440 712 -1 -1 -1 -1 
46 2 179 182 327 716 -1 -1 -1 -1 
46 3 777 72 1080 711 -1 -1 -1 -1 
46 4 668 187 829 702 -1 -1 -1 -1 
46 7 433 219 570 686 -1 -1 -1 -1 
47 1 283 152 446 712 -1 -1 -1 -1 
47 2 182 185 331 716 -1 -1 -1 -1 
47 3 783 73 1086 711 -1 -1 -1 -1 
47 4 676 187 836 702 -1 -1 -1 -1 
47 7 440 220 578 687 -1 -1 -1 -1 
48 1 290 151 452 713 -1 -1 -1 -1 
48 2 184 189 334 716 -1 -1 -1 -1 
48 3 788 74 1091 711 -1 -1 -1 -1 
48 4 681 187 840 701 -1 -1 -1 -1 
48 7 448 220 585 688 -1 -1 -1 -1 
49 1 300 149 462 713 -1 -1 -1 -1 
49 2 190 193 340 714 -1 -1 -1 -1 
49 3 790 75 1091 711 -1 -1 -1 -1 
49 4 686 187 845 700 -1 -1 -1 -1 
49 7 455 222 593 689 -1 -1 -1 -1 
50 1 307 148 470 714 -1 -1 -1 -1 
50 2 194 193 345 715 -1 -1 -1 -1 
50 3 790 76 1087 710 -1 -1 -1 -1 
50 4 689 187 848 698 -1 -1 -1 -1 
50 7 463 222 601 689 -1 -1 -1 -1 
51 1 315 147 478 716 -1 -1 -1 -1 
51 2 202 189 353 715 -1 -1 -1 -1 
51 3 789 78 1085 709 -1 -1 -1 -1 
51 4 689 186 848 697 -1 -1 -1 -1 
51 7 472 222 610 686 -1 -1 -1 -1 
52 1 319 146 483 716 -1 -1 -1 -1 
52 2 202 187 354 715 -1 -1 -1 -1 
52 3 791 80 1084 709 -1 -1 -1 -1 
52 4 685 186 845 697 -1 -1 -1 -1 
52 7 479 223 616 688 -1 -1 -1 -1 
53 1 321 144 486 716 -1 -1 -1 -1 
53 2 203 186 355 716 -1 -1 -1 -1 
53 3 791 82 1081 709 -1 -1 -1 -1 
53 4 682 187 842 698 -1 -1 -1 -1 
53 7 483 223 620 689 -1 -1 -1 -1 
54 1 324 147 488 714 -1 -1 -1 -1 
54 2 202 185 354 716 -1 -1 -1 -1 
54 3 787 83 1076 709 -1 -1 -1 -1 
54 4 681 189 840 699 -1 -1 -1 -1 
54 7 485 224 621 689 -1 -1 -1 -1 
55 1 322 145 488 715 -1 -1 -1 -1 
55 2 199 187 351 716 -1 -1 -1 -1 
55 3 784 85 1070 709 -1 -1 -1 -1 
55 4 680 191 838 700 -1 -1 -1 -1 
55 7 489 224 625 691 -1 -1 -1 -1 
56 1 322 148 488 715 -1 -1 -1 -1 
56 2 197 188 348 717 -1 -1 -1 -1 
56 3 780 87 1062 708 -1 -1 -1 -1 
56 4 678 193 835 703 -1 -1 -1 -1 
56 7 492 222 629 694 -1 -1 -1 -1 
57 1 321 150 489 716 -1 -1 -1 -1 
57 2 198 190 347 717 -1 -1 -1 -1 
57 3 776 91 1056 709 -1 -1 -1 -1 
57 4 676 195 832 705 -1 -1 -1 -1 
57 7 493 202 635 696 -1 -1 -1 -1 
58 1 319 152 489 716 -1 -1 -1 -1 
58 2 199 191 346 717 -1 -1 -1 -1 
58 3 771 93 1048 710 -1 -1 -1 -1 
58 4 673 196 828 705 -1 -1 -1 -1 
58 7 496 211 635 698 -1 -1 -1 -1 
59 1 320 154 491 716 -1 -1 -1 -1 
59 2 199 192 345 717 -1 -1 -1 -1 
59 3 764 94 1040 710 -1 -1 -1 -1 
59 4 671 196 824 705 -1 -1 -1 -1 
59 7 499 218 635 698 -1 -1 -1 -1 
60 1 319 154 493 716 -1 -1 -1 -1 
60 2 200 192 345 717 -1 -1 -1 -1 
60 3 762 95 1037 710 -1 -1 -1 -1 
60 4 669 196 822 705 -1 -1 -1 -1 
60 7 500 221 635 697 -1 -1 -1 -1 
61 1 317 153 493 716 -1 -1 -1 -1 
61 2 199 193 342 716 -1 -1 -1 -1 
61 3 763 95 1037 711 -1 -1 -1 -1 
61 4 666 196 819 705 -1 -1 -1 -1 
61 7 503 222 637 698 -1 -1 -1 -1 
62 1 317 153 496 717 -1 -1 -1 -1 
62 2 199 197 340 716 -1 -1 -1 -1 
62 3 764 96 1036 711 -1 -1 -1 -1 
62 4 663 197 816 707 -1 -1 -1 -1 
62 7 505 214 641 700 -1 -1 -1 -1 
63 1 319 152 501 717 -1 -1 -1 -1 
63 2 200 199 340 716 -1 -1 -1 -1 
63 3 764 96 1037 711 -1 -1 -1 -1 
63 4 661 196 815 708 -1 -1 -1 -1 
63 7 509 212 646 702 -1 -1 -1 -1 
64 1 320 152 505 717 -1 -1 -1 -1 
64 2 202 202 340 716 -1 -1 -1 -1 
64 3 769 97 1041 711 -1 -1 -1 -1 
64 4 661 196 816 709 -1 -1 -1 -1 
64 7 512 209 650 705 -1 -1 -1 -1 
65 1 322 153 508 717 -1 -1 -1 -1 
65 2 204 203 341 716 -1 -1 -1 -1 
65 3 771 96 1043 710 -1 -1 -1 -1 
65 4 662 196 817 710 -1 -1 -1 -1 
65 7 515 201 655 706 -1 -1 -1 -1 
66 1 322 154 511 717 -1 -1 -1 -1 
66 2 205 204 341 716 -1 -1 -1 -1 
66 3 773 95 1046 712 -1 -1 -1 -1 
66 4 662 196 817 710 -1 -1 -1 -1 
66 7 519 202 657 709 -1 -1 -1 -1 
67 1 324 154 516 717 -1 -1 -1 -1 
67 2 206 205 342 716 -1 -1 -1 -1 
67 3 775 94 1049 711 -1 -1 -1 -1 
67 4 661 196 816 710 -1 -1 -1 -1 
67 7 527 199 665 707 -1 -1 -1 -1 
68 1 326 154 520 717 -1 -1 -1 -1 
68 2 208 205 344 716 -1 -1 -1 -1 
68 3 775 95 1049 711 -1 -1 -1 -1 
68 4 660 195 814 709 -1 -1 -1 -1 
68 7 533 198 672 708 -1 -1 -1 -1 
69 1 327 153 524 716 -1 -1 -1 -1 
69 2 210 204 346 717 -1 -1 -1 -1 
69 3 772 95 1048 711 -1 -1 -1 -1 
69 4 663 196 817 711 -1 -1 -1 -1 
69 7 540 210 676 708 -1 -1 -1 -1 
70 1 327 151 528 716 -1 -1 -1 -1 
70 2 212 203 348 717 -1 -1 -1 -1 
70 3 768 95 1047 712 -1 -1 -1 -1 
70 4 661 194 815 709 -1 -1 -1 -1 
70 7 544 204 680 709 -1 -1 -1 -1 
71 1 328 150 531 715 -1 -1 -1 -1 
71 2 212 202 349 716 -1 -1 -1 -1 
71 3 770 97 1050 711 -1 -1 -1 -1 
71 4 662 194 815 709 -1 -1 -1 -1 
71 7 549 216 682 708 -1 -1 -1 -1 
72 1 329 148 535 715 -1 -1 -1 -1 
72 2 215 202 351 716 -1 -1 -1 -1 
72 3 772 95 1055 713 -1 -1 -1 -1 
72 4 666 192 820 709 -1 -1 -1 -1 
72 7 554 217 686 707 -1 -1 -1 -1 
73 1 333 147 542 715 -1 -1 -1 -1 
73 2 217 200 354 716 -1 -1 -1 -1 
73 3 774 97 1060 712 -1 -1 -1 -1 
73 4 670 193 822 708 -1 -1 -1 -1 
73 7 560 209 694 706 -1 -1 -1 -1 
74 1 337 146 549 714 -1 -1 -1 -1 
74 2 221 199 359 717 -1 -1 -1 -1 
74 3 779 95 1068 712 -1 -1 -1 -1 
74 4 679 193 830 708 -1 -1 -1 -1 
74 7 567 198 704 704 -1 -1 -1 -1 
75 1 340 144 554 714 -1 -1 -1 -1 
75 2 228 199 366 718 -1 -1 -1 -1 
75 3 783 93 1076 712 -1 -1 -1 -1 
75 4 680 192 831 708 -1 -1 -1 -1 
75 7 577 202 712 703 -1 -1 -1 -1 
76 1 342 144 558 714 -1 -1 -1 -1 
76 2 234 198 374 718 -1 -1 -1 -1 
76 3 789 92 1085 712 -1 -1 -1 -1 
76 4 693 191 845 710 -1 -1 -1 -1 
76 7 589 206 724 702 -1 -1 -1 -1 
77 1 345 145 562 714 -1 -1 -1 -1 
77 2 238 197 379 719 -1 -1 -1 -1 
77 3 792 93 1092 712 -1 -1 -1 -1 
77 4 696 191 848 710 -1 -1 -1 -1 
77 7 593 209 728 702 -1 -1 -1 -1 
78 1 346 144 564 714 -1 -1 -1 -1 
78 2 241 197 382 719 -1 -1 -1 -1 
78 3 796 93 1098 712 -1 -1 -1 -1 
78 4 704 187 856 709 -1 -1 -1 -1 
78 7 597 209 732 701 -1 -1 -1 -1 
79 1 348 142 567 715 -1 -1 -1 -1 
79 2 247 197 389 718 -1 -1 -1 -1 
79 3 798 93 1103 711 -1 -1 -1 -1 
79 4 707 187 860 709 -1 -1 -1 -1 
79 7 605 207 741 700 -1 -1 -1 -1 
80 1 351 141 570 715 -1 -1 -1 -1 
80 2 252 197 395 718 -1 -1 -1 -1 
80 3 801 94 1107 711 -1 -1 -1 -1 
80 7 612 208 748 698 -1 -1 -1 -1 
81 1 354 139 573 715 -1 -1 -1 -1 
81 2 255 195 400 718 -1 -1 -1 -1 
81 3 804 96 1110 711 -1 -1 -1 -1 
81 7 617 208 753 697 -1 -1 -1 -1 
82 1 357 138 576 714 -1 -1 -1 -1 
82 2 260 193 407 718 -1 -1 -1 -1 
82 3 807 97 1114 710 -1 -1 -1 -1 
82 4 725 188 875 709 -1 -1 -1 -1 
82 7 622 207 759 696 -1 -1 -1 -1 
83 1 360 141 579 714 -1 -1 -1 -1 
83 2 262 193 410 718 -1 -1 -1 -1 
83 3 809 98 1116 712 -1 -1 -1 -1 
83 4 729 188 878 709 -1 -1 -1 -1 
83 7 626 207 764 698 -1 -1 -1 -1 
84 1 364 143 582 713 -1 -1 -1 -1 
84 2 264 193 414 718 -1 -1 -1 -1 
84 3 813 98 1119 711 -1 -1 -1 -1 
84 4 735 187 882 703 -1 -1 -1 -1 
84 7 630 207 769 699 -1 -1 -1 -1 
85 1 368 145 585 714 -1 -1 -1 -1 
85 2 267 193 418 719 -1 -1 -1 -1 
85 3 817 98 1122 711 -1 -1 -1 -1 
85 4 744 185 890 702 -1 -1 -1 -1 
85 7 637 204 777 701 -1 -1 -1 -1 
86 1 372 147 589 714 -1 -1 -1 -1 
86 2 270 193 422 719 -1 -1 -1 -1 
86 3 822 98 1126 712 -1 -1 -1 -1 
86 4 753 181 898 701 -1 -1 -1 -1 
86 7 645 202 787 705 -1 -1 -1 -1 
87 1 378 145 595 712 -1 -1 -1 -1 
87 2 273 193 427 719 -1 -1 -1 -1 
87 3 826 97 1129 713 -1 -1 -1 -1 
87 4 758 180 903 700 -1 -1 -1 -1 
87 7 654 203 795 708 -1 -1 -1 -1 
88 1 384 145 602 713 -1 -1 -1 -1 
88 2 276 194 429 719 -1 -1 -1 -1 
88 3 831 95 1132 714 -1 -1 -1 -1 
88 7 662 204 803 710 -1 -1 -1 -1 
89 1 388 146 606 713 -1 -1 -1 -1 
89 2 277 195 431 719 -1 -1 -1 -1 
89 3 834 95 1133 714 -1 -1 -1 -1 
89 4 771 178 914 696 -1 -1 -1 -1 
89 7 666 206 807 712 -1 -1 -1 -1 
90 1 391 146 609 712 -1 -1 -1 -1 
90 2 278 195 432 719 -1 -1 -1 -1 
90 3 836 94 1133 714 -1 -1 -1 -1 
90 4 776 177 916 695 -1 -1 -1 -1 
90 7 669 205 810 713 -1 -1 -1 -1 
91 1 393 146 611 712 -1 -1 -1 -1 
91 2 279 196 433 719 -1 -1 -1 -1 
91 3 840 94 1133 713 -1 -1 -1 -1 
91 4 782 177 920 696 -1 -1 -1 -1 
91 7 673 203 814 712 -1 -1 -1 -1 
92 1 393 146 612 712 -1 -1 -1 -1 
92 2 282 197 435 719 -1 -1 -1 -1 
92 3 842 94 1133 713 -1 -1 -1 -1 
92 4 786 176 922 699 -1 -1 -1 -1 
92 7 675 201 816 712 -1 -1 -1 -1 
93 1 392 146 612 713 -1 -1 -1 -1 
93 2 283 197 436 719 -1 -1 -1 -1 
93 3 844 94 1132 713 -1 -1 -1 -1 
93 4 791 176 927 699 -1 -1 -1 -1 
93 7 675 200 817 713 -1 -1 -1 -1 
94 1 392 146 612 713 -1 -1 -1 -1 
94 2 284 199 436 717 -1 -1 -1 -1 
94 3 845 95 1131 713 -1 -1 -1 -1 
94 7 678 197 821 713 -1 -1 -1 -1 
95 1 391 144 612 713 -1 -1 -1 -1 
95 2 284 199 435 717 -1 -1 -1 -1 
95 3 846 95 1130 713 -1 -1 -1 -1 
95 7 679 196 823 714 -1 -1 -1 -1 
96 1 391 142 613 713 -1 -1 -1 -1 
96 2 285 199 435 717 -1 -1 -1 -1 
96 3 847 95 1129 713 -1 -1 -1 -1 
96 7 679 195 822 714 -1 -1 -1 -1 
97 1 390 140 613 713 -1 -1 -1 -1 
97 2 284 200 433 716 -1 -1 -1 -1 
97 3 846 96 1128 714 -1 -1 -1 -1 
97 4 784 184 920 712 -1 -1 -1 -1 
97 7 678 195 820 714 -1 -1 -1 -1 
98 1 386 138 611 715 -1 -1 -1 -1 
98 2 283 200 432 716 -1 -1 -1 -1 
98 3 846 97 1126 715 -1 -1 -1 -1 
98 4 783 182 915 702 -1 -1 -1 -1 
98 7 676 194 819 715 -1 -1 -1 -1 
99 1 384 135 610 715 -1 -1 -1 -1 
99 2 282 200 430 716 -1 -1 -1 -1 
99 3 844 96 1124 714 -1 -1 -1 -1 
99 4 785 183 917 702 -1 -1 -1 -1 
99 7 677 195 820 716 -1 -1 -1 -1 
100 1 381 132 608 715 -1 -1 -1 -1 
100 2 280 199 428 717 -1 -1 -1 -1 
100 3 842 94 1121 713 -1 -1 -1 -1 
100 7 678 196 820 716 -1 -1 -1 -1 
101 1 379 130 607 716 -1 -1 -1 -1 
101 2 279 199 426 717 -1 -1 -1 -1 
101 3 839 94 1119 712 -1 -1 -1 -1 
101 7 677 195 820 717 -1 -1 -1 -1 
102 1 378 129 606 716 -1 -1 -1 -1 
102 2 278 199 424 717 -1 -1 -1 -1 
102 3 839 96 1118 712 -1 -1 -1 -1 
102 7 677 195 821 716 -1 -1 -1 -1 
103 1 375 129 604 717 -1 -1 -1 -1 
103 2 275 198 420 717 -1 -1 -1 -1 
103 3 835 98 1114 712 -1 -1 -1 -1 
103 7 676 195 819 716 -1 -1 -1 -1 
104 1 371 129 600 715 -1 -1 -1 -1 
104 2 273 198 417 718 -1 -1 -1 -1 
104 3 830 100 1110 712 -1 -1 -1 -1 
104 7 675 195 818 716 -1 -1 -1 -1 
105 1 365 128 594 715 -1 -1 -1 -1 
105 2 270 197 413 718 -1 -1 -1 -1 
105 3 825 100 1108 713 -1 -1 -1 -1 
105 7 674 196 817 715 -1 -1 -1 -1 
106 1 360 129 588 715 -1 -1 -1 -1 
106 2 268 196 410 718 -1 -1 -1 -1 
106 3 822 100 1107 714 -1 -1 -1 -1 
106 7 674 196 818 715 -1 -1 -1 -1 
107 1 355 130 584 714 -1 -1 -1 -1 
107 2 266 196 408 718 -1 -1 -1 -1 
107 3 821 99 1108 714 -1 -1 -1 -1 
107 7 675 196 821 715 -1 -1 -1 -1 
108 1 352 130 580 714 -1 -1 -1 -1 
108 2 266 195 407 718 -1 -1 -1 -1 
108 3 819 99 1108 714 -1 -1 -1 -1 
108 7 674 195 821 715 -1 -1 -1 -1 
109 1 346 128 574 714 -1 -1 -1 -1 
109 2 265 195 405 718 -1 -1 -1 -1 
109 3 813 99 1104 714 -1 -1 -1 -1 
109 7 673 195 820 715 -1 -1 -1 -1 
110 1 338 126 568 714 -1 -1 -1 -1 
110 2 264 195 404 718 -1 -1 -1 -1 
110 3 793 99 1079 714 -1 -1 -1 -1 
110 7 672 195 820 715 -1 -1 -1 -1 
111 1 333 122 565 715 -1 -1 -1 -1 
111 3 785 99 1068 714 -1 -1 -1 -1 
111 7 673 194 822 715 -1 -1 -1 -1 
112 1 242 109 478 715 -1 -1 -1 -1 
112 2 373 132 532 719 -1 -1 -1 -1 
112 3 833 133 1100 717 -1 -1 -1 -1 
112 7 698 188 849 713 -1 -1 -1 -1 
113 1 207 105 446 714 -1 -1 -1 -1 
113 2 424 125 601 716 -1 -1 -1 -1 
113 3 839 146 1103 718 -1 -1 -1 -1 
113 7 714 178 872 716 -1 -1 -1 -1 
114 1 202 107 440 714 -1 -1 -1 -1 
114 2 443 123 635 715 -1 -1 -1 -1 
114 3 843 150 1107 718 -1 -1 -1 -1 
114 7 720 175 882 716 -1 -1 -1 -1 
115 1 202 111 438 714 -1 -1 -1 -1 
115 2 449 133 651 715 -1 -1 -1 -1 
115 3 841 157 1106 718 -1 -1 -1 -1 
115 7 720 179 885 719 -1 -1 -1 -1 
116 1 202 120 435 714 -1 -1 -1 -1 
116 2 447 139 658 715 -1 -1 -1 -1 
116 3 845 164 1108 717 -1 -1 -1 -1 
116 7 722 183 889 717 -1 -1 -1 -1 
117 1 204 123 436 715 -1 -1 -1 -1 
117 2 443 143 663 714 -1 -1 -1 -1 
117 3 848 167 1111 717 -1 -1 -1 -1 
117 7 725 184 897 717 -1 -1 -1 -1 
118 1 212 124 444 716 -1 -1 -1 -1 
118 2 443 147 670 714 -1 -1 -1 -1 
118 3 864 166 1124 716 -1 -1 -1 -1 
118 7 727 185 902 717 -1 -1 -1 -1 
119 1 216 122 448 716 -1 -1 -1 -1 
119 2 443 146 678 715 -1 -1 -1 -1 
119 3 873 165 1130 714 -1 -1 -1 -1 
119 7 726 184 905 717 -1 -1 -1 -1 
120 1 220 122 452 716 -1 -1 -1 -1 
120 2 441 146 684 715 -1 -1 -1 -1 
120 3 877 163 1133 714 -1 -1 -1 -1 
120 7 727 182 909 717 -1 -1 -1 -1 
121 1 227 123 457 714 -1 -1 -1 -1 
121 2 440 147 688 715 -1 -1 -1 -1 
121 3 880 166 1133 717 -1 -1 -1 -1 
121 7 726 183 911 717 -1 -1 -1 -1 
122 1 228 123 457 714 -1 -1 -1 -1 
122 2 435 148 688 716 -1 -1 -1 -1 
122 3 882 169 1132 719 -1 -1 -1 -1 
122 7 725 188 912 716 -1 -1 -1 -1 
123 1 226 127 452 713 -1 -1 -1 -1 
123 2 433 152 689 716 -1 -1 -1 -1 
123 3 892 172 1137 718 -1 -1 -1 -1 
123 7 723 192 911 716 -1 -1 -1 -1 
124 1 232 132 454 712 -1 -1 -1 -1 
124 2 430 155 688 716 -1 -1 -1 -1 
124 3 899 175 1138 719 -1 -1 -1 -1 
124 7 721 196 910 716 -1 -1 -1 -1 
125 1 235 135 453 712 -1 -1 -1 -1 
125 2 426 156 687 716 -1 -1 -1 -1 
125 3 900 174 1137 719 -1 -1 -1 -1 
125 7 717 198 909 716 -1 -1 -1 -1 
126 1 235 134 452 711 -1 -1 -1 -1 
126 2 422 157 686 715 -1 -1 -1 -1 
126 3 901 173 1135 719 -1 -1 -1 -1 
126 7 712 200 906 716 -1 -1 -1 -1 
127 1 232 135 448 713 -1 -1 -1 -1 
127 2 420 157 687 716 -1 -1 -1 -1 
127 3 904 172 1135 717 -1 -1 -1 -1 
127 7 711 201 907 716 -1 -1 -1 -1 
128 1 230 136 446 714 -1 -1 -1 -1 
128 2 418 156 686 715 -1 -1 -1 -1 
128 3 905 170 1133 716 -1 -1 -1 -1 
128 7 710 202 908 715 -1 -1 -1 -1 
129 1 224 132 441 716 -1 -1 -1 -1 
129 2 414 154 684 715 -1 -1 -1 -1 
129 3 905 165 1132 715 -1 -1 -1 -1 
129 7 704 199 903 715 -1 -1 -1 -1 
130 1 224 131 442 715 -1 -1 -1 -1 
130 2 412 154 683 715 -1 -1 -1 -1 
130 3 907 165 1133 717 -1 -1 -1 -1 
130 7 701 199 902 714 -1 -1 -1 -1 
131 1 226 131 445 715 -1 -1 -1 -1 
131 2 411 156 683 716 -1 -1 -1 -1 
131 3 910 165 1133 717 -1 -1 -1 -1 
131 7 700 199 902 714 -1 -1 -1 -1 
132 1 227 132 446 715 -1 -1 -1 -1 
132 2 409 157 682 716 -1 -1 -1 -1 
132 3 911 162 1133 716 -1 -1 -1 -1 
132 7 698 197 901 714 -1 -1 -1 -1 
133 1 227 134 445 715 -1 -1 -1 -1 
133 2 408 162 680 716 -1 -1 -1 -1 
133 3 912 162 1132 716 -1 -1 -1 -1 
133 7 696 196 901 714 -1 -1 -1 -1 
134 1 224 139 441 714 -1 -1 -1 -1 
134 2 406 166 677 716 -1 -1 -1 -1 
134 3 912 164 1129 716 -1 -1 -1 -1 
134 7 694 198 898 714 -1 -1 -1 -1 
135 1 223 141 438 714 -1 -1 -1 -1 
135 2 404 168 674 716 -1 -1 -1 -1 
135 3 912 163 1128 716 -1 -1 -1 -1 
135 7 691 197 897 714 -1 -1 -1 -1 
136 1 224 144 438 713 -1 -1 -1 -1 
136 2 406 170 677 716 -1 -1 -1 -1 
136 3 913 163 1127 716 -1 -1 -1 -1 
136 7 691 195 897 713 -1 -1 -1 -1 
137 1 224 147 437 713 -1 -1 -1 -1 
137 2 407 173 677 716 -1 -1 -1 -1 
137 3 915 166 1127 716 -1 -1 -1 -1 
137 7 691 195 898 713 -1 -1 -1 -1 
138 1 222 149 434 714 -1 -1 -1 -1 
138 2 405 174 675 716 -1 -1 -1 -1 
138 3 914 167 1124 714 -1 -1 -1 -1 
138 7 689 196 896 713 -1 -1 -1 -1 
139 1 221 153 430 714 -1 -1 -1 -1 
139 2 404 177 674 716 -1 -1 -1 -1 
139 3 915 169 1123 714 -1 -1 -1 -1 
139 7 689 197 896 713 -1 -1 -1 -1 
140 1 220 158 428 714 -1 -1 -1 -1 
140 2 408 181 677 717 -1 -1 -1 -1 
140 3 917 174 1123 715 -1 -1 -1 -1 
140 7 691 201 896 713 -1 -1 -1 -1 
141 1 223 167 428 714 -1 -1 -1 -1 
141 2 411 189 677 717 -1 -1 -1 -1 
141 3 920 179 1123 715 -1 -1 -1 -1 
141 7 696 206 900 713 -1 -1 -1 -1 
142 1 224 174 428 715 -1 -1 -1 -1 
142 2 420 197 683 717 -1 -1 -1 -1 
142 3 925 187 1125 715 -1 -1 -1 -1 
142 7 706 219 909 716 -1 -1 -1 -1 
143 1 227 181 429 713 -1 -1 -1 -1 
143 2 422 200 685 715 -1 -1 -1 -1 
143 3 930 195 1125 716 -1 -1 -1 -1 
143 7 713 225 913 714 -1 -1 -1 -1 
144 1 227 186 428 713 -1 -1 -1 -1 
144 2 426 205 688 714 -1 -1 -1 -1 
144 3 935 204 1126 718 -1 -1 -1 -1 
144 7 720 230 920 714 -1 -1 -1 -1 
145 1 227 186 430 713 -1 -1 -1 -1 
145 2 444 209 704 715 -1 -1 -1 -1 
145 3 946 208 1133 719 -1 -1 -1 -1 
145 7 735 233 936 716 -1 -1 -1 -1 
146 1 237 183 440 712 -1 -1 -1 -1 
146 2 459 207 720 715 -1 -1 -1 -1 
146 3 954 208 1136 715 -1 -1 -1 -1 
146 7 746 232 948 716 -1 -1 -1 -1 
147 1 243 181 447 713 -1 -1 -1 -1 
147 2 473 206 733 715 -1 -1 -1 -1 
147 3 959 206 1138 714 -1 -1 -1 -1 
147 7 756 234 958 715 -1 -1 -1 -1 
148 1 247 179 452 715 -1 -1 -1 -1 
148 2 486 210 744 715 -1 -1 -1 -1 
148 3 966 208 1139 711 -1 -1 -1 -1 
148 7 766 236 968 714 -1 -1 -1 -1 
149 1 253 182 456 715 -1 -1 -1 -1 
149 2 497 216 752 715 -1 -1 -1 -1 
149 3 972 214 1140 711 -1 -1 -1 -1 
149 7 776 242 978 715 -1 -1 -1 -1 
150 1 259 183 462 715 -1 -1 -1 -1 
150 2 518 223 768 713 -1 -1 -1 -1 
150 3 984 225 1143 713 -1 -1 -1 -1 
150 7 790 247 992 717 -1 -1 -1 -1 
151 1 267 185 471 713 -1 -1 -1 -1 
151 2 533 225 781 712 -1 -1 -1 -1 
151 3 1000 246 1136 671 -1 -1 -1 -1 
151 7 802 248 1004 715 -1 -1 -1 -1 
152 1 273 186 478 713 -1 -1 -1 -1 
152 2 546 225 793 712 -1 -1 -1 -1 
152 3 1015 278 1131 649 -1 -1 -1 -1 
152 7 813 248 1014 709 -1 -1 -1 -1 
153 1 280 188 486 713 -1 -1 -1 -1 
153 2 559 225 808 715 -1 -1 -1 -1 
153 3 1031 309 1130 630 -1 -1 -1 -1 
153 7 829 246 1033 712 -1 -1 -1 -1 
154 1 286 186 493 711 -1 -1 -1 -1 
154 2 576 224 824 715 -1 -1 -1 -1 
154 3 1039 321 1131 621 -1 -1 -1 -1 
154 7 837 240 1044 710 -1 -1 -1 -1 
155 1 293 182 502 711 -1 -1 -1 -1 
155 2 587 223 836 714 -1 -1 -1 -1 
155 7 845 238 1054 713 -1 -1 -1 -1 
156 1 306 179 517 712 -1 -1 -1 -1 
156 2 605 222 853 714 -1 -1 -1 -1 
156 7 860 232 1072 715 -1 -1 -1 -1 
157 1 323 182 534 712 -1 -1 -1 -1 
157 2 625 223 873 716 -1 -1 -1 -1 
157 7 874 237 1086 716 -1 -1 -1 -1 
158 1 327 185 538 713 -1 -1 -1 -1 
158 2 635 225 882 716 -1 -1 -1 -1 
158 7 881 239 1092 716 -1 -1 -1 -1 
159 1 339 184 549 712 -1 -1 -1 -1 
159 2 651 225 897 717 -1 -1 -1 -1 
159 4 286 253 413 714 -1 -1 -1 -1 
159 7 890 235 1103 716 -1 -1 -1 -1 
160 1 346 183 555 711 -1 -1 -1 -1 
160 2 667 218 915 718 -1 -1 -1 -1 
160 4 279 248 415 715 -1 -1 -1 -1 
160 7 900 233 1114 714 -1 -1 -1 -1 
161 1 345 179 556 711 -1 -1 -1 -1 
161 2 676 215 925 718 -1 -1 -1 -1 
161 4 269 249 405 716 -1 -1 -1 -1 
161 7 905 231 1119 712 -1 -1 -1 -1 
162 1 337 176 553 710 -1 -1 -1 -1 
162 2 689 213 936 718 -1 -1 -1 -1 
162 7 906 231 1121 714 -1 -1 -1 -1 
163 1 337 174 557 713 -1 -1 -1 -1 
163 2 706 212 950 716 -1 -1 -1 -1 
163 7 910 234 1124 716 -1 -1 -1 -1 
164 1 347 172 570 713 -1 -1 -1 -1 
164 2 720 210 962 715 -1 -1 -1 -1 
164 4 257 255 396 717 -1 -1 -1 -1 
164 7 914 235 1127 717 -1 -1 -1 -1 
165 1 353 171 576 712 -1 -1 -1 -1 
165 2 734 206 975 715 -1 -1 -1 -1 
165 4 249 256 391 716 -1 -1 -1 -1 
165 7 917 233 1129 718 -1 -1 -1 -1 
166 1 358 171 583 713 -1 -1 -1 -1 
166 2 750 211 986 717 -1 -1 -1 -1 
166 4 239 258 382 716 -1 -1 -1 -1 
166 7 922 235 1131 717 -1 -1 -1 -1 
167 1 360 172 585 713 -1 -1 -1 -1 
167 2 758 213 991 718 -1 -1 -1 -1 
167 4 231 259 376 716 -1 -1 -1 -1 
167 7 925 237 1131 717 -1 -1 -1 -1 
168 1 357 172 583 713 -1 -1 -1 -1 
168 2 766 216 995 718 -1 -1 -1 -1 
168 4 224 257 370 716 -1 -1 -1 -1 
168 7 925 235 1130 716 -1 -1 -1 -1 
169 1 352 172 580 714 -1 -1 -1 -1 
169 2 774 216 1000 718 -1 -1 -1 -1 
169 4 218 254 367 716 -1 -1 -1 -1 
169 7 925 232 1129 714 -1 -1 -1 -1 
170 1 347 171 577 713 -1 -1 -1 -1 
170 2 780 216 1001 718 -1 -1 -1 -1 
170 4 214 251 364 716 -1 -1 -1 -1 
170 7 925 229 1127 712 -1 -1 -1 -1 
171 1 339 170 570 713 -1 -1 -1 -1 
171 2 788 214 1008 718 -1 -1 -1 -1 
171 4 206 246 360 715 -1 -1 -1 -1 
171 7 927 225 1123 694 -1 -1 -1 -1 
172 1 321 170 556 714 -1 -1 -1 -1 
172 2 793 212 1009 717 -1 -1 -1 -1 
172 4 193 241 351 717 -1 -1 -1 -1 
172 7 928 218 1122 681 -1 -1 -1 -1 
173 1 304 171 542 714 -1 -1 -1 -1 
173 2 795 210 1011 718 -1 -1 -1 -1 
173 4 183 239 344 719 -1 -1 -1 -1 
173 7 921 216 1121 692 -1 -1 -1 -1 
174 1 286 173 527 714 -1 -1 -1 -1 
174 2 790 213 1002 718 -1 -1 -1 -1 
174 4 164 241 322 718 -1 -1 -1 -1 
174 7 909 218 1115 704 -1 -1 -1 -1 
175 1 261 177 503 713 -1 -1 -1 -1 
175 2 785 216 994 717 -1 -1 -1 -1 
175 4 151 250 304 717 -1 -1 -1 -1 
175 7 904 218 1113 710 -1 -1 -1 -1 
176 1 242 179 485 713 -1 -1 -1 -1 
176 2 783 217 991 716 -1 -1 -1 -1 
176 4 142 250 295 717 -1 -1 -1 -1 
176 7 904 217 1114 710 -1 -1 -1 -1 
177 1 205 176 451 715 -1 -1 -1 -1 
177 2 773 216 979 714 -1 -1 -1 -1 
178 1 179 169 430 716 -1 -1 -1 -1 
178 2 755 212 963 714 -1 -1 -1 -1 
179 1 161 163 414 715 -1 -1 -1 -1 
179 2 736 209 946 713 -1 -1 -1 -1 
180 1 146 153 401 715 -1 -1 -1 -1 
180 2 735 208 944 712 -1 -1 -1 -1 
181 1 130 153 378 716 -1 -1 -1 -1 
181 2 734 199 959 712 -1 -1 -1 -1 
181 7 955 189 1165 717 -1 -1 -1 -1 
182 1 121 143 365 715 -1 -1 -1 -1 
182 2 721 193 959 713 -1 -1 -1 -1 
182 7 957 176 1161 718 -1 -1 -1 -1 
183 1 111 136 347 715 -1 -1 -1 -1 
183 2 695 187 944 715 -1 -1 -1 -1 
183 7 949 167 1151 717 -1 -1 -1 -1 
184 1 100 151 317 715 -1 -1 -1 -1 
184 2 663 186 919 716 -1 -1 -1 -1 
184 7 934 164 1135 716 -1 -1 -1 -1 
185 1 86 150 303 715 -1 -1 -1 -1 
185 2 642 186 904 716 -1 -1 -1 -1 
185 7 923 160 1125 716 -1 -1 -1 -1 
186 2 622 186 889 716 -1 -1 -1 -1 
186 7 912 157 1117 716 -1 -1 -1 -1 
187 2 601 186 873 715 -1 -1 -1 -1 
187 7 894 153 1105 717 -1 -1 -1 -1 
188 2 585 185 860 714 -1 -1 -1 -1 
188 7 882 150 1099 717 -1 -1 -1 -1 
189 2 554 218 809 713 -1 -1 -1 -1 
189 7 928 159 1134 719 -1 -1 -1 -1 
190 2 541 220 795 713 -1 -1 -1 -1 
190 7 959 164 1134 651 -1 -1 -1 -1 
191 7 985 195 1135 624 -1 -1 -1 -1 
191 10 194 45 609 709 -1 -1 -1 -1 
191 11 649 100 1025 711 -1 -1 -1 -1 
192 2 505 227 741 710 -1 -1 -1 -1 
192 7 991 197 1137 615 -1 -1 -1 -1 
192 10 192 44 608 709 -1 -1 -1 -1 
192 11 645 96 1024 710 -1 -1 -1 -1 
